x1,x2,y
2.261581040188955,0.09181739299313973,1
-0.424215508493599,-0.22102748681883,-1
0.852279721449633,0.4172597710763317,1
-0.49541971316571726,-0.3285467519451455,-1
0.9350636699695627,0.2801425188135726,1
0.9007714532002398,-0.1477121241716094,-1
1.5452060657049846,1.6128761787534405,1
0.8356121968701511,-0.05380167997303542,-1
1.4743029489485067,1.5963363940473212,1
0.1746788966462124,-1.619344334865624,-1
2.327007176216986,0.18681825925788265,1
0.24956648175128593,-1.6290711821234725,-1
2.3828831870102465,0.2943968729051984,1
-0.5888673300453932,-0.48940648560672273,-1
1.003461392586098,0.17949058487453484,1
1.0300852147230128,-0.49285167773711996,-1
1.772186046847834,1.6109228782984886,1
-0.09884457140999958,-1.5045277653144273,-1
2.0313558204976006,-0.11154872692474038,1
-0.03397368406149337,-1.5438500758750382,-1
2.1116185818824595,-0.05738846749683435,1
-0.29831449994525816,-0.0653295673579467,-1
-0.6080997034885887,0.13595372423063823,1
-0.3599459147818944,-0.13611922170444302,-1
0.9105808091676973,0.08344697153824121,1
1.0000799426264277,-0.3693711917704462,-1
1.694394711112804,1.6208700887843275,1
0.9563382507631089,-0.25349909543560756,-1
1.6186223678074803,1.6212709767208286,1
0.033048853967534764,-1.576250400378513,-1
2.1890269692465956,0.010322518052733543,1
0.5235660632835626,0.19021664286426454,-1
1.214087094586724,1.456439517631736,1
0.4891298796464565,-1.6018563017300902,-1
2.4709984181344615,0.6721588155513881,1
0.5723728744482508,-1.570801422312458,-1
2.468794367766682,0.8062821182609521,1
-1.2856548327125106,-1.235371324142347,-1
1.2502023942541167,-0.08584598403701127,1
-0.8785267895230461,0.5033299392728177,-1
1.3132575142865266,-0.13139203219999596,1
0.4419053154730548,0.21940794898278793,-1
1.15334487943329,1.403049287361516,1
0.36137323384859665,0.23731282430597866,-1
1.093148779480948,1.3410535022701495,1
0.6558214650566454,-1.5270729973920494,-1
2.450125335378216,0.938461704962118,1
-0.650978663623059,-1.6384632347461232,-1
1.066596935612305,0.09731235402502536,1
0.7631919776876177,0.027144574634244356,-1
1.4059203462238288,1.572170246744261,1
0.685751988502056,0.09467932696750203,-1
1.3399368956624635,1.5407345870557392,1
0.32713337305912993,-1.62999412882278,-1
2.4268255598485773,0.4128804670166893,1
0.40714074956483404,-1.6212458067054851,-1
2.4567257237362696,0.539835322043295,1
-1.3889896935338593,-0.13187685029607787,-1
1.127751657311304,0.027387486266741035,1
1.5241247876562405,-1.6616626343414311,-1
1.1886072724413566,-0.03317017719050208,1
0.6053067950466648,0.14888091943362103,-1
1.276113216859822,1.5021885617464195,1
-0.44609162430566185,-1.1606424378098423,-1
1.5889953962329268,-0.24400985590381774,1
0.13282699859583846,0.23212185060620827,-1
0.8987646518307063,1.0721108436909774,1
0.06197010249204371,0.21336072076346557,-1
0.8059132738807403,0.9068916871278587,1
0.9578155365092356,-1.212200954975999,-1
2.2382728672351977,1.3838556274223204,1
1.0140134912696828,-1.0990168815348416,-1
2.162061992769952,1.4640155250720728,1
-0.3811252343777299,-1.2553854637116748,-1
1.665054406641047,-0.2530407829574658,1
-0.31989373193252274,-1.3343415403066698,-1
1.7440378078685332,-0.2530627632271485,1
-0.0061630946722227575,0.18708483016999167,-1
0.24898696100983292,-0.6916689799739963,1
0.7380640467714554,-1.4697782712442116,-1
2.415868583599253,1.0651063868892499,1
0.3788795033766956,-0.5973192519317707,-1
1.3783080936216394,-0.17011113532041178,1
-0.6368593507122364,-0.8236407867013382,-1
1.4457626867506317,-0.20199185731647173,1
0.28272178311008833,0.2448320561356656,-1
1.0323640744871134,1.2685746899075157,1
0.2064460499932368,0.2428375774341056,-1
0.9690100308402532,1.1818550971751747,1
0.8173037792825486,-1.3982697500913386,-1
2.367649981802529,1.1830753684903288,1
0.8913746879642959,-1.3123020999621144,-1
2.3076341939575125,1.2898939161967728,1
-0.5207906790782567,-1.038054258864525,-1
1.5159252625474877,-0.22677862230760215,1
1.092035160105034,-0.5646233635205552,-1
1.8310025066559739,1.6481543682052022,1
-0.13840279465762373,-1.5132989231480123,-1
1.9948166272574204,-0.18905941641030233,1
-0.0753707808628239,-1.55819180808825,-1
