0.7 0.7 0
1.4 1.4 0
2.0999999999999996 2.0999999999999996 0
2.8 2.8 0
3.5 3.5 0
4.199999999999999 4.199999999999999 0
4.8999999999999995 4.8999999999999995 0
5.6 5.6 0
6.3 6.3 0
7.0 7.0 0
7.699999999999999 7.699999999999999 0
8.399999999999999 8.399999999999999 0
9.1 9.1 0
9.799999999999999 9.799999999999999 0
10.5 10.5 0
11.2 11.2 0
11.899999999999999 11.899999999999999 0
12.6 12.6 0
13.299999999999999 13.299999999999999 0
14.0 14.0 0
14.7 14.7 0
15.399999999999999 15.399999999999999 0
16.099999999999998 16.099999999999998 0
16.799999999999997 16.799999999999997 0
17.5 17.5 0
18.2 18.2 0
18.9 18.9 0
19.599999999999998 19.599999999999998 0
20.299999999999997 20.299999999999997 0
21.0 21.0 0
21.7 21.7 0
22.4 22.4 0
23.099999999999998 23.099999999999998 0
23.799999999999997 23.799999999999997 0
24.5 24.5 0
25.2 25.2 0
25.9 25.9 0
26.599999999999998 26.599999999999998 0
27.299999999999997 27.299999999999997 0
28.0 28.0 0
28.7 28.7 0
29.4 29.4 0
30.099999999999998 30.099999999999998 0
30.799999999999997 30.799999999999997 0
31.499999999999996 31.499999999999996 0
32.199999999999996 32.199999999999996 0
32.9 32.9 0
33.599999999999994 33.599999999999994 0
34.3 34.3 0
35.0 35.0 1
35.699999999999996 35.699999999999996 1
36.4 36.4 1
37.099999999999994 37.099999999999994 1
37.8 37.8 1
38.5 38.5 1
39.199999999999996 39.199999999999996 1
39.9 39.9 1
40.599999999999994 40.599999999999994 1
41.3 41.3 1
42.0 42.0 1
42.699999999999996 42.699999999999996 1
43.4 43.4 1
44.099999999999994 44.099999999999994 1
44.8 44.8 1
45.5 45.5 1
46.199999999999996 46.199999999999996 1
46.9 46.9 1
47.599999999999994 47.599999999999994 1
48.3 48.3 1
49.0 49.0 1
49.699999999999996 49.699999999999996 1
50.4 50.4 1
51.099999999999994 51.099999999999994 1
51.8 51.8 1
52.5 52.5 1
53.199999999999996 53.199999999999996 1
53.9 53.9 1
54.599999999999994 54.599999999999994 1
55.3 55.3 1
56.0 56.0 1
56.699999999999996 56.699999999999996 1
57.4 57.4 1
58.099999999999994 58.099999999999994 1
58.8 58.8 1
59.49999999999999 59.49999999999999 1
60.199999999999996 60.199999999999996 1
60.9 60.9 1
61.599999999999994 61.599999999999994 1
62.3 62.3 1
62.99999999999999 62.99999999999999 1
63.699999999999996 63.699999999999996 1
64.39999999999999 64.39999999999999 1
65.1 65.1 1
65.8 65.8 1
66.5 66.5 1
67.19999999999999 67.19999999999999 1
67.89999999999999 67.89999999999999 1
68.6 68.6 1
69.3 69.3 1
70.0 70.0 1
70.69999999999999 70.69999999999999 1
71.39999999999999 71.39999999999999 1
72.1 72.1 1
72.8 72.8 1
73.5 73.5 1
74.19999999999999 74.19999999999999 1
74.89999999999999 74.89999999999999 1
75.6 75.6 1
76.3 76.3 1
77.0 77.0 1
77.69999999999999 77.69999999999999 1
78.39999999999999 78.39999999999999 1
79.1 79.1 1
79.8 79.8 1
80.5 80.5 1
81.19999999999999 81.19999999999999 1
81.89999999999999 81.89999999999999 1
82.6 82.6 1
83.3 83.3 1
84.0 84.0 1
84.69999999999999 84.69999999999999 1
85.39999999999999 85.39999999999999 1
86.1 86.1 1
86.8 86.8 1
87.5 87.5 1
88.19999999999999 88.19999999999999 1
88.89999999999999 88.89999999999999 1
89.6 89.6 1
90.3 90.3 1
91.0 91.0 1
91.69999999999999 91.69999999999999 1
92.39999999999999 92.39999999999999 1
93.1 93.1 1
93.8 93.8 1
94.5 94.5 1
95.19999999999999 95.19999999999999 1
95.89999999999999 95.89999999999999 1
96.6 96.6 1
97.3 97.3 1
98.0 98.0 1
98.69999999999999 98.69999999999999 1
99.39999999999999 99.39999999999999 1
100.1 100.1 1
100.8 100.8 1
101.5 101.5 1
102.19999999999999 102.19999999999999 1
102.89999999999999 102.89999999999999 1
103.6 103.6 1
104.3 104.3 1
105.0 105.0 1
105.69999999999999 105.69999999999999 1
106.39999999999999 106.39999999999999 1
107.1 107.1 1
107.8 107.8 1
108.5 108.5 1
109.19999999999999 109.19999999999999 1
109.89999999999999 109.89999999999999 1
110.6 110.6 1
111.3 111.3 1
112.0 112.0 1
112.69999999999999 112.69999999999999 1
113.39999999999999 113.39999999999999 1
114.1 114.1 1
114.8 114.8 1
115.49999999999999 115.49999999999999 1
116.19999999999999 116.19999999999999 1
116.89999999999999 116.89999999999999 1
117.6 117.6 1
118.3 118.3 1
118.99999999999999 118.99999999999999 1
119.69999999999999 119.69999999999999 1
120.39999999999999 120.39999999999999 1
121.1 121.1 1
121.8 121.8 1
122.49999999999999 122.49999999999999 1
123.19999999999999 123.19999999999999 1
123.89999999999999 123.89999999999999 1
124.6 124.6 1
125.3 125.3 1
125.99999999999999 125.99999999999999 1
126.69999999999999 126.69999999999999 1
127.39999999999999 127.39999999999999 1
128.1 128.1 1
128.79999999999998 128.79999999999998 1
129.5 129.5 1
130.2 130.2 1
130.9 130.9 1
131.6 131.6 1
132.29999999999998 132.29999999999998 1
133.0 133.0 1
133.7 133.7 1
134.39999999999998 134.39999999999998 1
135.1 135.1 1
135.79999999999998 135.79999999999998 1
136.5 136.5 1
137.2 137.2 1
137.89999999999998 137.89999999999998 1
138.6 138.6 1
139.29999999999998 139.29999999999998 1
140.0 140.0 1
140.7 140.7 1
141.39999999999998 141.39999999999998 1
142.1 142.1 1
142.79999999999998 142.79999999999998 1
143.5 143.5 1
144.2 144.2 1
144.89999999999998 144.89999999999998 1
145.6 145.6 1
146.29999999999998 146.29999999999998 1
147.0 147.0 1
147.7 147.7 1
148.39999999999998 148.39999999999998 1
149.1 149.1 1
149.79999999999998 149.79999999999998 1
150.5 150.5 1
151.2 151.2 1
151.89999999999998 151.89999999999998 1
152.6 152.6 1
153.29999999999998 153.29999999999998 1
154.0 154.0 1
154.7 154.7 1
155.39999999999998 155.39999999999998 1
156.1 156.1 1
156.79999999999998 156.79999999999998 1
157.5 157.5 1
158.2 158.2 1
158.89999999999998 158.89999999999998 1
159.6 159.6 1
160.29999999999998 160.29999999999998 1
161.0 161.0 1
161.7 161.7 1
162.39999999999998 162.39999999999998 1
163.1 163.1 1
163.79999999999998 163.79999999999998 1
164.5 164.5 1
165.2 165.2 1
165.89999999999998 165.89999999999998 1
166.6 166.6 1
167.29999999999998 167.29999999999998 1
168.0 168.0 1
168.7 168.7 1
169.39999999999998 169.39999999999998 1
170.1 170.1 1
170.79999999999998 170.79999999999998 1
171.5 171.5 1
172.2 172.2 1
172.89999999999998 172.89999999999998 1
173.6 173.6 1
174.29999999999998 174.29999999999998 1
175.0 175.0 1
175.7 175.7 1
176.39999999999998 176.39999999999998 1
177.1 177.1 1
177.79999999999998 177.79999999999998 1
178.5 178.5 1
179.2 179.2 1
179.89999999999998 179.89999999999998 1
180.6 180.6 1
181.29999999999998 181.29999999999998 1
182.0 182.0 1
182.7 182.7 1
183.39999999999998 183.39999999999998 1
184.1 184.1 1
184.79999999999998 184.79999999999998 1
185.5 185.5 1
186.2 186.2 1
186.89999999999998 186.89999999999998 1
187.6 187.6 1
188.29999999999998 188.29999999999998 1
189.0 189.0 1
189.7 189.7 1
190.39999999999998 190.39999999999998 1
191.1 191.1 1
191.79999999999998 191.79999999999998 1
192.5 192.5 1
193.2 193.2 1
193.89999999999998 193.89999999999998 1
194.6 194.6 1
195.29999999999998 195.29999999999998 1
196.0 196.0 1
196.7 196.7 1
197.39999999999998 197.39999999999998 1
198.1 198.1 1
198.79999999999998 198.79999999999998 1
199.5 199.5 1
200.2 200.2 1
200.89999999999998 200.89999999999998 1
201.6 201.6 1
202.29999999999998 202.29999999999998 1
203.0 203.0 1
203.7 203.7 1
204.39999999999998 204.39999999999998 1
205.1 205.1 1
205.79999999999998 205.79999999999998 1
206.5 206.5 1
207.2 207.2 1
207.89999999999998 207.89999999999998 1
208.6 208.6 1
209.29999999999998 209.29999999999998 1
210.0 210.0 1
210.7 210.7 1
211.39999999999998 211.39999999999998 1
212.1 212.1 1
212.79999999999998 212.79999999999998 1
213.5 213.5 1
214.2 214.2 1
214.89999999999998 214.89999999999998 1
215.6 215.6 1
216.29999999999998 216.29999999999998 1
217.0 217.0 1
217.7 217.7 1
218.39999999999998 218.39999999999998 1
219.1 219.1 1
219.79999999999998 219.79999999999998 1
220.5 220.5 1
221.2 221.2 1
221.89999999999998 221.89999999999998 1
222.6 222.6 1
223.29999999999998 223.29999999999998 1
224.0 224.0 1
224.7 224.7 1
225.39999999999998 225.39999999999998 1
226.1 226.1 1
226.79999999999998 226.79999999999998 1
227.49999999999997 227.49999999999997 1
228.2 228.2 1
228.89999999999998 228.89999999999998 1
229.6 229.6 1
230.29999999999998 230.29999999999998 1
230.99999999999997 230.99999999999997 1
231.7 231.7 1
232.39999999999998 232.39999999999998 1
233.1 233.1 1
233.79999999999998 233.79999999999998 1
234.49999999999997 234.49999999999997 1
235.2 235.2 1
235.89999999999998 235.89999999999998 1
236.6 236.6 1
237.29999999999998 237.29999999999998 1
237.99999999999997 237.99999999999997 1
238.7 238.7 1
239.39999999999998 239.39999999999998 1
240.1 240.1 1
240.79999999999998 240.79999999999998 1
241.49999999999997 241.49999999999997 1
242.2 242.2 1
242.89999999999998 242.89999999999998 1
243.6 243.6 1
244.29999999999998 244.29999999999998 1
244.99999999999997 244.99999999999997 1
245.7 245.7 1
246.39999999999998 246.39999999999998 1
247.1 247.1 1
247.79999999999998 247.79999999999998 1
248.49999999999997 248.49999999999997 1
249.2 249.2 1
249.89999999999998 249.89999999999998 1
250.6 250.6 1
251.29999999999998 251.29999999999998 1
251.99999999999997 251.99999999999997 1
252.7 252.7 1
253.39999999999998 253.39999999999998 1
254.1 254.1 1
254.79999999999998 254.79999999999998 1
255.49999999999997 255.49999999999997 1
256.2 256.2 1
256.9 256.9 1
257.59999999999997 257.59999999999997 1
258.3 258.3 1
259.0 259.0 1
259.7 259.7 1
260.4 260.4 1
261.09999999999997 261.09999999999997 1
261.8 261.8 1
262.5 262.5 1
263.2 263.2 1
263.9 263.9 1
264.59999999999997 264.59999999999997 1
265.3 265.3 1
266.0 266.0 1
266.7 266.7 1
267.4 267.4 1
268.09999999999997 268.09999999999997 1
268.79999999999995 268.79999999999995 1
269.5 269.5 1
270.2 270.2 1
270.9 270.9 1
271.59999999999997 271.59999999999997 1
272.29999999999995 272.29999999999995 1
273.0 273.0 1
273.7 273.7 1
274.4 274.4 1
275.09999999999997 275.09999999999997 1
275.79999999999995 275.79999999999995 1
276.5 276.5 1
277.2 277.2 1
277.9 277.9 1
278.59999999999997 278.59999999999997 1
279.29999999999995 279.29999999999995 1
280.0 280.0 1
280.7 280.7 1
281.4 281.4 1
282.09999999999997 282.09999999999997 1
282.79999999999995 282.79999999999995 1
283.5 283.5 1
284.2 284.2 1
284.9 284.9 1
285.59999999999997 285.59999999999997 1
286.29999999999995 286.29999999999995 1
287.0 287.0 1
287.7 287.7 1
288.4 288.4 1
289.09999999999997 289.09999999999997 1
289.79999999999995 289.79999999999995 1
290.5 290.5 1
291.2 291.2 1
291.9 291.9 1
292.59999999999997 292.59999999999997 1
293.29999999999995 293.29999999999995 1
294.0 294.0 1
294.7 294.7 1
295.4 295.4 1
296.09999999999997 296.09999999999997 1
296.79999999999995 296.79999999999995 1
297.5 297.5 1
298.2 298.2 1
298.9 298.9 1
299.59999999999997 299.59999999999997 1
300.29999999999995 300.29999999999995 1
301.0 301.0 1
301.7 301.7 1
302.4 302.4 1
303.09999999999997 303.09999999999997 1
303.79999999999995 303.79999999999995 1
304.5 304.5 1
305.2 305.2 1
305.9 305.9 1
306.59999999999997 306.59999999999997 1
307.29999999999995 307.29999999999995 1
308.0 308.0 1
308.7 308.7 1
309.4 309.4 1
310.09999999999997 310.09999999999997 1
310.79999999999995 310.79999999999995 1
311.5 311.5 1
312.2 312.2 1
312.9 312.9 1
313.59999999999997 313.59999999999997 1
314.29999999999995 314.29999999999995 1
315.0 315.0 1
315.7 315.7 1
316.4 316.4 1
317.09999999999997 317.09999999999997 1
317.79999999999995 317.79999999999995 1
318.5 318.5 1
319.2 319.2 1
319.9 319.9 1
320.59999999999997 320.59999999999997 1
321.29999999999995 321.29999999999995 1
322.0 322.0 1
322.7 322.7 1
323.4 323.4 1
324.09999999999997 324.09999999999997 1
324.79999999999995 324.79999999999995 1
325.5 325.5 1
326.2 326.2 1
326.9 326.9 1
327.59999999999997 327.59999999999997 1
328.29999999999995 328.29999999999995 1
329.0 329.0 1
329.7 329.7 1
330.4 330.4 1
331.09999999999997 331.09999999999997 1
331.79999999999995 331.79999999999995 1
332.5 332.5 1
333.2 333.2 1
333.9 333.9 1
334.59999999999997 334.59999999999997 1
335.29999999999995 335.29999999999995 1
336.0 336.0 1
336.7 336.7 1
337.4 337.4 1
338.09999999999997 338.09999999999997 1
338.79999999999995 338.79999999999995 1
339.5 339.5 1
340.2 340.2 1
340.9 340.9 1
341.59999999999997 341.59999999999997 1
342.29999999999995 342.29999999999995 1
343.0 343.0 1
343.7 343.7 1
344.4 344.4 1
345.09999999999997 345.09999999999997 1
345.79999999999995 345.79999999999995 1
346.5 346.5 1
347.2 347.2 1
347.9 347.9 1
348.59999999999997 348.59999999999997 1
349.29999999999995 349.29999999999995 1
350.0 350.0 1
350.7 350.7 1
351.4 351.4 1
352.09999999999997 352.09999999999997 1
352.79999999999995 352.79999999999995 1
353.5 353.5 1
354.2 354.2 1
354.9 354.9 1
355.59999999999997 355.59999999999997 1
356.29999999999995 356.29999999999995 1
357.0 357.0 1
357.7 357.7 1
358.4 358.4 1
359.09999999999997 359.09999999999997 1
359.79999999999995 359.79999999999995 1
360.5 360.5 1
361.2 361.2 1
361.9 361.9 1
362.59999999999997 362.59999999999997 1
363.29999999999995 363.29999999999995 1
364.0 364.0 1
364.7 364.7 1
365.4 365.4 1
366.09999999999997 366.09999999999997 1
366.79999999999995 366.79999999999995 1
367.5 367.5 1
368.2 368.2 1
368.9 368.9 1
369.59999999999997 369.59999999999997 1
370.29999999999995 370.29999999999995 1
371.0 371.0 1
371.7 371.7 1
372.4 372.4 1
373.09999999999997 373.09999999999997 1
373.79999999999995 373.79999999999995 1
374.5 374.5 1
375.2 375.2 1
375.9 375.9 1
376.59999999999997 376.59999999999997 1
377.29999999999995 377.29999999999995 1
378.0 378.0 1
378.7 378.7 1
379.4 379.4 1
380.09999999999997 380.09999999999997 1
380.79999999999995 380.79999999999995 1
381.5 381.5 1
382.2 382.2 1
382.9 382.9 1
383.59999999999997 383.59999999999997 1
384.29999999999995 384.29999999999995 1
385.0 385.0 1
385.7 385.7 1
386.4 386.4 1
387.09999999999997 387.09999999999997 1
387.79999999999995 387.79999999999995 1
388.5 388.5 1
389.2 389.2 1
389.9 389.9 1
390.59999999999997 390.59999999999997 1
391.29999999999995 391.29999999999995 1
392.0 392.0 1
392.7 392.7 1
393.4 393.4 1
394.09999999999997 394.09999999999997 1
394.79999999999995 394.79999999999995 1
395.5 395.5 1
396.2 396.2 1
396.9 396.9 1
397.59999999999997 397.59999999999997 1
398.29999999999995 398.29999999999995 1
399.0 399.0 1
399.7 399.7 1
400.4 400.4 1
401.09999999999997 401.09999999999997 1
401.79999999999995 401.79999999999995 1
402.5 402.5 1
403.2 403.2 1
403.9 403.9 1
404.59999999999997 404.59999999999997 1
405.29999999999995 405.29999999999995 1
406.0 406.0 1
406.7 406.7 1
407.4 407.4 1
408.09999999999997 408.09999999999997 1
408.79999999999995 408.79999999999995 1
409.5 409.5 1
410.2 410.2 1
410.9 410.9 1
411.59999999999997 411.59999999999997 1
412.29999999999995 412.29999999999995 1
413.0 413.0 1
413.7 413.7 1
414.4 414.4 1
415.09999999999997 415.09999999999997 1
415.79999999999995 415.79999999999995 1
416.5 416.5 1
417.2 417.2 1
417.9 417.9 1
418.59999999999997 418.59999999999997 1
419.29999999999995 419.29999999999995 1
420.0 420.0 1
420.7 420.7 1
421.4 421.4 1
422.09999999999997 422.09999999999997 1
422.79999999999995 422.79999999999995 1
423.5 423.5 1
424.2 424.2 1
424.9 424.9 1
425.59999999999997 425.59999999999997 1
426.29999999999995 426.29999999999995 1
427.0 427.0 1
427.7 427.7 1
428.4 428.4 1
429.09999999999997 429.09999999999997 1
429.79999999999995 429.79999999999995 1
430.5 430.5 1
431.2 431.2 1
431.9 431.9 1
432.59999999999997 432.59999999999997 1
433.29999999999995 433.29999999999995 1
434.0 434.0 1
434.7 434.7 1
435.4 435.4 1
436.09999999999997 436.09999999999997 1
436.79999999999995 436.79999999999995 1
437.5 437.5 1
438.2 438.2 1
438.9 438.9 1
439.59999999999997 439.59999999999997 1
440.29999999999995 440.29999999999995 1
441.0 441.0 1
441.7 441.7 1
442.4 442.4 1
443.09999999999997 443.09999999999997 1
443.79999999999995 443.79999999999995 1
444.5 444.5 1
445.2 445.2 1
445.9 445.9 1
446.59999999999997 446.59999999999997 1
447.29999999999995 447.29999999999995 1
448.0 448.0 1
448.7 448.7 1
449.4 449.4 1
450.09999999999997 450.09999999999997 1
450.79999999999995 450.79999999999995 1
451.49999999999994 451.49999999999994 1
452.2 452.2 1
452.9 452.9 1
453.59999999999997 453.59999999999997 1
454.29999999999995 454.29999999999995 1
454.99999999999994 454.99999999999994 1
455.7 455.7 1
456.4 456.4 1
457.09999999999997 457.09999999999997 1
457.79999999999995 457.79999999999995 1
458.49999999999994 458.49999999999994 1
459.2 459.2 1
459.9 459.9 1
460.59999999999997 460.59999999999997 1
461.29999999999995 461.29999999999995 1
461.99999999999994 461.99999999999994 1
462.7 462.7 1
463.4 463.4 1
464.09999999999997 464.09999999999997 1
464.79999999999995 464.79999999999995 1
465.49999999999994 465.49999999999994 1
466.2 466.2 1
466.9 466.9 1
467.59999999999997 467.59999999999997 1
468.29999999999995 468.29999999999995 1
468.99999999999994 468.99999999999994 1
469.7 469.7 1
470.4 470.4 1
471.09999999999997 471.09999999999997 1
471.79999999999995 471.79999999999995 1
472.49999999999994 472.49999999999994 1
473.2 473.2 1
473.9 473.9 1
474.59999999999997 474.59999999999997 1
475.29999999999995 475.29999999999995 1
475.99999999999994 475.99999999999994 1
476.7 476.7 1
477.4 477.4 1
478.09999999999997 478.09999999999997 1
478.79999999999995 478.79999999999995 1
479.49999999999994 479.49999999999994 1
480.2 480.2 1
480.9 480.9 1
481.59999999999997 481.59999999999997 1
482.29999999999995 482.29999999999995 1
482.99999999999994 482.99999999999994 1
483.7 483.7 1
484.4 484.4 1
485.09999999999997 485.09999999999997 1
485.79999999999995 485.79999999999995 1
486.49999999999994 486.49999999999994 1
487.2 487.2 1
487.9 487.9 1
488.59999999999997 488.59999999999997 1
489.29999999999995 489.29999999999995 1
489.99999999999994 489.99999999999994 1
490.7 490.7 1
491.4 491.4 1
492.09999999999997 492.09999999999997 1
492.79999999999995 492.79999999999995 1
493.49999999999994 493.49999999999994 1
494.2 494.2 1
494.9 494.9 1
495.59999999999997 495.59999999999997 1
496.29999999999995 496.29999999999995 1
496.99999999999994 496.99999999999994 1
497.7 497.7 1
498.4 498.4 1
499.09999999999997 499.09999999999997 1
499.79999999999995 499.79999999999995 1
500.49999999999994 500.49999999999994 1
501.2 501.2 1
501.9 501.9 1
502.59999999999997 502.59999999999997 1
503.29999999999995 503.29999999999995 1
503.99999999999994 503.99999999999994 1
504.7 504.7 1
505.4 505.4 1
506.09999999999997 506.09999999999997 1
506.79999999999995 506.79999999999995 1
507.49999999999994 507.49999999999994 1
508.2 508.2 1
508.9 508.9 1
509.59999999999997 509.59999999999997 1
510.29999999999995 510.29999999999995 1
510.99999999999994 510.99999999999994 1
511.7 511.7 1
512.4 512.4 1
513.1 513.1 1
513.8 513.8 1
514.5 514.5 1
515.1999999999999 515.1999999999999 1
515.9 515.9 1
516.6 516.6 1
517.3 517.3 1
518.0 518.0 1
518.6999999999999 518.6999999999999 1
519.4 519.4 1
520.1 520.1 1
520.8 520.8 1
521.5 521.5 1
522.1999999999999 522.1999999999999 1
522.9 522.9 1
523.6 523.6 1
524.3 524.3 1
525.0 525.0 1
525.6999999999999 525.6999999999999 1
526.4 526.4 1
527.1 527.1 1
527.8 527.8 1
528.5 528.5 1
529.1999999999999 529.1999999999999 1
529.9 529.9 1
530.6 530.6 1
531.3 531.3 1
532.0 532.0 1
532.6999999999999 532.6999999999999 1
533.4 533.4 1
534.1 534.1 1
534.8 534.8 1
535.5 535.5 1
536.1999999999999 536.1999999999999 1
536.9 536.9 1
537.5999999999999 537.5999999999999 1
538.3 538.3 1
539.0 539.0 1
539.6999999999999 539.6999999999999 1
540.4 540.4 1
541.0999999999999 541.0999999999999 1
541.8 541.8 1
542.5 542.5 1
543.1999999999999 543.1999999999999 1
543.9 543.9 1
544.5999999999999 544.5999999999999 1
545.3 545.3 1
546.0 546.0 1
546.6999999999999 546.6999999999999 1
547.4 547.4 1
548.0999999999999 548.0999999999999 1
548.8 548.8 1
549.5 549.5 1
550.1999999999999 550.1999999999999 1
550.9 550.9 1
551.5999999999999 551.5999999999999 1
552.3 552.3 1
553.0 553.0 1
553.6999999999999 553.6999999999999 1
554.4 554.4 1
555.0999999999999 555.0999999999999 1
555.8 555.8 1
556.5 556.5 1
557.1999999999999 557.1999999999999 1
557.9 557.9 1
558.5999999999999 558.5999999999999 1
559.3 559.3 1
560.0 560.0 1
560.6999999999999 560.6999999999999 1
561.4 561.4 1
562.0999999999999 562.0999999999999 1
562.8 562.8 1
563.5 563.5 1
564.1999999999999 564.1999999999999 1
564.9 564.9 1
565.5999999999999 565.5999999999999 1
566.3 566.3 1
567.0 567.0 1
567.6999999999999 567.6999999999999 1
568.4 568.4 1
569.0999999999999 569.0999999999999 1
569.8 569.8 1
570.5 570.5 1
571.1999999999999 571.1999999999999 1
571.9 571.9 1
572.5999999999999 572.5999999999999 1
573.3 573.3 1
574.0 574.0 1
574.6999999999999 574.6999999999999 1
575.4 575.4 1
576.0999999999999 576.0999999999999 1
576.8 576.8 1
577.5 577.5 1
578.1999999999999 578.1999999999999 1
578.9 578.9 1
579.5999999999999 579.5999999999999 1
580.3 580.3 1
581.0 581.0 1
581.6999999999999 581.6999999999999 1
582.4 582.4 1
583.0999999999999 583.0999999999999 1
583.8 583.8 1
584.5 584.5 1
585.1999999999999 585.1999999999999 1
585.9 585.9 1
586.5999999999999 586.5999999999999 1
587.3 587.3 1
588.0 588.0 1
588.6999999999999 588.6999999999999 1
589.4 589.4 1
590.0999999999999 590.0999999999999 1
590.8 590.8 1
591.5 591.5 1
592.1999999999999 592.1999999999999 1
592.9 592.9 1
593.5999999999999 593.5999999999999 1
594.3 594.3 1
595.0 595.0 1
595.6999999999999 595.6999999999999 1
596.4 596.4 1
597.0999999999999 597.0999999999999 1
597.8 597.8 1
598.5 598.5 1
599.1999999999999 599.1999999999999 1
599.9 599.9 1
600.5999999999999 600.5999999999999 1
601.3 601.3 1
602.0 602.0 1
602.6999999999999 602.6999999999999 1
603.4 603.4 1
604.0999999999999 604.0999999999999 1
604.8 604.8 1
605.5 605.5 1
606.1999999999999 606.1999999999999 1
606.9 606.9 1
607.5999999999999 607.5999999999999 1
608.3 608.3 1
609.0 609.0 1
609.6999999999999 609.6999999999999 1
610.4 610.4 1
611.0999999999999 611.0999999999999 1
611.8 611.8 1
612.5 612.5 1
613.1999999999999 613.1999999999999 1
613.9 613.9 1
614.5999999999999 614.5999999999999 1
615.3 615.3 1
616.0 616.0 1
616.6999999999999 616.6999999999999 1
617.4 617.4 1
618.0999999999999 618.0999999999999 1
618.8 618.8 1
619.5 619.5 1
620.1999999999999 620.1999999999999 1
620.9 620.9 1
621.5999999999999 621.5999999999999 1
622.3 622.3 1
623.0 623.0 1
623.6999999999999 623.6999999999999 1
624.4 624.4 1
625.0999999999999 625.0999999999999 1
625.8 625.8 1
626.5 626.5 1
627.1999999999999 627.1999999999999 1
627.9 627.9 1
628.5999999999999 628.5999999999999 1
629.3 629.3 1
630.0 630.0 1
630.6999999999999 630.6999999999999 1
631.4 631.4 1
632.0999999999999 632.0999999999999 1
632.8 632.8 1
633.5 633.5 1
634.1999999999999 634.1999999999999 1
634.9 634.9 1
635.5999999999999 635.5999999999999 1
636.3 636.3 1
637.0 637.0 1
637.6999999999999 637.6999999999999 1
638.4 638.4 1
639.0999999999999 639.0999999999999 1
639.8 639.8 1
640.5 640.5 1
641.1999999999999 641.1999999999999 1
641.9 641.9 1
642.5999999999999 642.5999999999999 1
643.3 643.3 1
644.0 644.0 1
644.6999999999999 644.6999999999999 1
645.4 645.4 1
646.0999999999999 646.0999999999999 1
646.8 646.8 1
647.5 647.5 1
648.1999999999999 648.1999999999999 1
648.9 648.9 1
649.5999999999999 649.5999999999999 1
650.3 650.3 1
651.0 651.0 1
651.6999999999999 651.6999999999999 1
652.4 652.4 1
653.0999999999999 653.0999999999999 1
653.8 653.8 1
654.5 654.5 1
655.1999999999999 655.1999999999999 1
655.9 655.9 1
656.5999999999999 656.5999999999999 1
657.3 657.3 1
658.0 658.0 1
658.6999999999999 658.6999999999999 1
659.4 659.4 1
660.0999999999999 660.0999999999999 1
660.8 660.8 1
661.5 661.5 1
662.1999999999999 662.1999999999999 1
662.9 662.9 1
663.5999999999999 663.5999999999999 1
664.3 664.3 1
665.0 665.0 1
665.6999999999999 665.6999999999999 1
666.4 666.4 1
667.0999999999999 667.0999999999999 1
667.8 667.8 1
668.5 668.5 1
669.1999999999999 669.1999999999999 1
669.9 669.9 1
670.5999999999999 670.5999999999999 1
671.3 671.3 1
672.0 672.0 1
672.6999999999999 672.6999999999999 1
673.4 673.4 1
674.0999999999999 674.0999999999999 1
674.8 674.8 1
675.5 675.5 1
676.1999999999999 676.1999999999999 1
676.9 676.9 1
677.5999999999999 677.5999999999999 1
678.3 678.3 1
679.0 679.0 1
679.6999999999999 679.6999999999999 1
680.4 680.4 1
681.0999999999999 681.0999999999999 1
681.8 681.8 1
682.5 682.5 1
683.1999999999999 683.1999999999999 1
683.9 683.9 1
684.5999999999999 684.5999999999999 1
685.3 685.3 1
686.0 686.0 1
686.6999999999999 686.6999999999999 1
687.4 687.4 1
688.0999999999999 688.0999999999999 1
688.8 688.8 1
689.5 689.5 1
690.1999999999999 690.1999999999999 1
690.9 690.9 1
691.5999999999999 691.5999999999999 1
692.3 692.3 1
693.0 693.0 1
693.6999999999999 693.6999999999999 1
694.4 694.4 1
695.0999999999999 695.0999999999999 1
695.8 695.8 1
696.5 696.5 1
697.1999999999999 697.1999999999999 1
697.9 697.9 1
698.5999999999999 698.5999999999999 1
699.3 699.3 1
700.0 700.0 1
